0000 

20
00
00
00
00
00
00
00
00

21
40
40
40
40
00
40
00
00

22
a0
a0
00
00
00
00
00
00

23
a0
e0
a0
a0
e0
a0
00
00

24
40
e0
c0
60
e0
40
00
00

25
00
80
20
40
80
20
00
00

26
40
a0
40
60
c0
e0
00
00

27
40
80
00
00
00
00
00
00

28
20
40
40
40
40
40
20
00

29
80
40
40
40
40
40
80
00

2a
40
e0
40
a0
00
00
00
00

2b
00
40
40
e0
40
40
00
00

2c
00
00
00
00
00
40
80
00

2d
00
00
00
e0
00
00
00
00

2e
00
00
00
00
00
40
00
00

2f
00
00
20
40
80
00
00
00

30
00
40
a0
e0
a0
40
00
00

31
00
40
c0
40
40
e0
00
00

32
00
c0
20
40
80
e0
00
00

33
00
c0
20
40
20
c0
00
00

34
00
20
60
a0
e0
20
00
00

35
00
e0
80
c0
20
c0
00
00

36
00
60
80
c0
a0
40
00
00

37
00
e0
20
40
40
40
00
00

38
00
40
a0
40
a0
40
00
00

39
00
40
a0
60
20
c0
00
00

3a
00
00
40
00
00
40
00
00

3b
00
00
40
00
00
40
80
00

3c
00
20
40
80
40
20
00
00

3d
00
00
e0
00
e0
00
00
00

3e
00
80
40
20
40
80
00
00

3f
40
a0
20
40
00
40
00
00

40
40
a0
20
60
a0
40
00
00

41
40
a0
a0
e0
a0
a0
00
00

42
c0
a0
c0
a0
a0
c0
00
00

43
60
80
80
80
80
60
00
00

44
c0
a0
a0
a0
a0
c0
00
00

45
e0
80
c0
80
80
e0
00
00

46
e0
80
c0
80
80
80
00
00

47
60
80
80
a0
a0
60
00
00

48
a0
a0
a0
e0
a0
a0
00
00

49
e0
40
40
40
40
e0
00
00

4a
20
20
20
20
a0
40
00
00

4b
a0
a0
c0
a0
a0
a0
00
00

4c
80
80
80
80
80
e0
00
00

4d
a0
e0
e0
a0
a0
a0
00
00

4e
c0
a0
a0
a0
a0
a0
00
00

4f
40
a0
a0
a0
a0
40
00
00

50
c0
a0
a0
c0
80
80
00
00

51
40
a0
a0
a0
a0
40
20
00

52
c0
a0
a0
c0
a0
a0
00
00

53
60
80
40
20
20
c0
00
00

54
e0
40
40
40
40
40
00
00

55
a0
a0
a0
a0
a0
e0
00
00

56
a0
a0
a0
a0
c0
80
00
00

57
a0
a0
a0
e0
e0
a0
00
00

58
a0
a0
40
40
a0
a0
00
00

59
a0
a0
40
40
40
40
00
00

5a
e0
20
40
40
80
e0
00
00

5b
60
40
40
40
40
40
60
00

5c
a0
40
e0
40
e0
40
00
00

5d
c0
40
40
40
40
40
c0
00

5e
40
a0
00
00
00
00
00
00

5f
00
00
00
00
00
00
e0
00

60
40
20
00
00
00
00
00
00

61
00
00
60
a0
a0
60
00
00

62
80
80
c0
a0
a0
c0
00
00

63
00
00
60
80
80
60
00
00

64
20
20
60
a0
a0
60
00
00

65
00
00
60
e0
80
60
00
00

66
60
40
e0
40
40
40
00
00

67
00
00
60
a0
60
20
c0
00

68
80
80
c0
a0
a0
a0
00
00

69
40
00
40
40
40
40
00
00

6a
40
00
40
40
40
40
80
00

6b
80
80
a0
c0
a0
a0
00
00

6c
c0
40
40
40
40
40
00
00

6d
00
00
c0
e0
e0
a0
00
00

6e
00
00
c0
a0
a0
a0
00
00

6f
00
00
40
a0
a0
40
00
00

70
00
00
c0
a0
a0
c0
80
00

71
00
00
60
a0
a0
60
20
00

72
00
00
a0
c0
80
80
00
00

73
00
00
60
c0
60
c0
00
00

74
00
40
e0
40
40
60
00
00

75
00
00
a0
a0
a0
e0
00
00

76
00
00
a0
a0
c0
80
00
00

77
00
00
a0
a0
e0
e0
00
00

78
00
00
a0
40
40
a0
00
00

79
00
00
a0
a0
60
20
c0
00

7a
00
00
e0
20
40
e0
00
00

7b
20
40
40
80
40
40
20
00

7c
40
40
40
40
40
40
40
00

7d
80
40
40
20
40
40
80
00

7e
e0
00
00
00
00
00
00
00

a1
00
00
00
40
a0
40
00
00

a2
e0
80
80
80
80
00
00
00

a3
00
20
20
20
20
e0
00
00

a4
00
00
00
00
80
40
00
00

a5
00
00
00
40
00
00
00
00

a6
e0
20
e0
20
40
80
00
00

a7
00
00
e0
60
40
80
00
00

a8
00
00
20
40
c0
40
00
00

a9
00
00
40
e0
a0
20
00
00

aa
00
00
00
e0
40
e0
00
00

ab
00
00
20
e0
60
a0
00
00

ac
00
00
40
e0
60
40
00
00

ad
00
00
00
c0
40
e0
00
00

ae
00
00
e0
60
20
e0
00
00

af
00
00
e0
e0
20
c0
00
00

b0
00
00
80
60
00
00
00
00

b1
e0
20
60
40
40
80
00
00

b2
20
20
40
c0
40
40
00
00

b3
40
e0
a0
20
20
40
00
00

b4
00
e0
40
40
40
e0
00
00

b5
20
e0
20
60
a0
20
00
00

b6
40
e0
60
60
a0
a0
00
00

b7
40
e0
40
e0
40
40
00
00

b8
40
60
a0
20
40
80
00
00

b9
80
e0
c0
40
40
80
00
00

ba
00
e0
20
20
20
e0
00
00

bb
a0
e0
a0
20
40
80
00
00

bc
c0
00
c0
00
20
c0
00
00

bd
e0
20
20
40
40
a0
00
00

be
80
e0
a0
a0
80
e0
00
00

bf
a0
60
60
20
40
80
00
00

c0
40
60
a0
60
40
80
00
00

c1
e0
40
e0
40
40
80
00
00

c2
00
e0
e0
20
20
c0
00
00

c3
e0
00
e0
40
40
80
00
00

c4
80
80
c0
a0
80
80
00
00

c5
40
40
e0
40
40
80
00
00

c6
00
60
00
00
00
e0
00
00

c7
e0
20
a0
40
40
a0
00
00

c8
40
e0
20
40
e0
40
00
00

c9
20
20
20
20
40
80
00
00

ca
40
20
a0
a0
a0
a0
00
00

cb
80
80
e0
80
80
60
00
00

cc
e0
20
20
20
40
80
00
00

cd
40
40
a0
a0
20
00
00
00

ce
40
e0
40
e0
e0
40
00
00

cf
e0
20
20
c0
40
20
00
00

d0
00
e0
00
60
00
e0
00
00

d1
40
40
40
80
a0
e0
00
00

d2
20
a0
40
40
a0
80
00
00

d3
e0
40
e0
40
40
60
00
00

d4
40
e0
60
60
40
40
00
00

d5
c0
40
40
40
40
e0
00
00

d6
e0
20
e0
20
20
e0
00
00

d7
e0
00
e0
20
20
c0
00
00

d8
a0
a0
a0
20
20
40
00
00

d9
40
40
c0
c0
c0
e0
00
00

da
80
80
80
80
a0
c0
00
00

db
00
e0
a0
a0
a0
e0
00
00

dc
e0
a0
20
20
40
80
00
00

dd
c0
00
00
20
20
c0
00
00

de
a0
00
00
00
00
00
00
00

df
40
a0
40
00
00
00
00
00

ENDFONT

